!
! - about one day of long-period data from Pinion Flat Observatory
!   following a magnitude 8.5 in Chile
! - time series has been resampled from 20 sps down to 0.02 sps
!
SPS: 2.000000e-02
!
3.234815e+04
-2.154344e+04
3.304659e+04
-2.158625e+04
3.247924e+04
-1.904193e+04
2.284124e+04
-2.599692e+04
6.729873e+04
-4.497938e+04
3.634843e+04
-5.346679e+04
1.081480e+05
-5.621785e+04
4.773647e+04
-3.123574e+04
2.179645e+03
-3.607802e+04
5.122781e+04
3.666999e+04
-1.142150e+05
5.734827e+04
3.279168e+05
-4.737659e+05
1.677383e+05
-1.338890e+05
3.622782e+05
-9.900504e+04
-3.058756e+04
-9.392646e+03
4.874714e+04
-1.755250e+05
1.565325e+05
-2.466054e+05
2.445692e+05
3.264781e+04
1.245363e+05
-1.667123e+05
3.793260e+05
-7.916656e+05
5.880092e+05
-1.013462e+06
1.586942e+06
2.024213e+05
-1.811030e+06
8.703721e+05
2.674835e+04
3.625176e+05
-3.864412e+05
9.840124e+04
-1.163773e+05
1.905818e+05
-1.443711e+05
1.522257e+05
-1.021534e+05
9.141915e+04
-9.832228e+04
9.920482e+04
-5.069836e+04
5.958817e+04
-5.943579e+04
8.528049e+04
-7.266843e+04
7.367665e+04
-3.375412e+04
3.587437e+04
-3.563510e+04
6.795500e+04
-5.409223e+04
6.147952e+04
-3.257815e+04
3.578996e+04
-4.574989e+04
5.692782e+04
-7.144288e+03
4.193069e+04
-2.786330e+04
5.094123e+04
-2.809514e+04
1.689215e+04
-3.728027e+04
3.273991e+04
-2.025263e+04
6.809731e+04
-1.531847e+04
4.010566e+04
-5.683662e+04
1.402583e+04
5.403308e+04
-3.300393e+04
-3.785935e+04
1.543367e+05
-7.584867e+04
3.664870e+04
6.850922e+03
-1.416290e+04
-8.908544e+04
5.081074e+04
8.176204e+04
7.827949e+04
-1.034936e+05
-5.566664e+04
6.343700e+04
9.679898e+04
-2.820983e+04
2.293267e+04
-6.509083e+04
2.842165e+04
-1.388649e+03
1.397763e+04
-9.450898e+03
4.811576e+04
1.258558e+04
2.447774e+04
-1.483841e+04
3.392607e+04
-2.259667e+04
-5.335013e+03
-2.370284e+04
3.199962e+04
1.943585e+04
9.814799e+03
1.036960e+04
5.401657e+04
1.782741e+03
3.793278e+04
-7.086321e+04
-2.932515e+03
-6.368321e+03
3.479767e+04
2.452527e+04
6.135842e+04
5.298373e+03
-1.598406e+04
-1.208418e+04
-9.780237e+04
6.135424e+04
7.989278e+04
1.855733e+04
-3.510320e+04
6.256344e+04
3.011885e+04
-5.217806e+04
-9.184264e+03
-3.335364e+04
6.328242e+04
-4.833463e+04
9.384450e+04
6.892425e+04
-5.759167e+04
-3.949473e+03
-4.961516e+04
-6.266413e+04
1.243770e+05
1.609403e+05
-3.355159e+04
-1.484940e+04
-2.393646e+05
9.906325e+04
6.888605e+04
1.005853e+05
3.481525e+04
-2.459055e+04
-9.692334e+04
-2.314672e+05
3.163447e+05
2.771637e+05
-1.978119e+05
-2.678025e+05
1.023718e+05
1.768093e+05
7.688154e+04
-1.549972e+05
-6.886347e+04
1.071479e+05
7.796047e+04
-1.272046e+04
-2.251463e+04
-1.313601e+04
1.167529e+04
3.205152e+04
1.889406e+04
-9.496411e+03
-1.019674e+04
-7.307838e+03
4.657957e+04
1.507298e+03
4.325616e+04
-1.389064e+04
3.338798e+04
7.533661e+03
-2.100325e+04
2.768629e+03
2.196186e+04
1.101695e+04
2.333846e+04
-2.285212e+04
1.280962e+04
1.498653e+04
3.794768e+04
3.173231e+03
7.271595e+03
1.362961e+04
-1.064142e+04
-6.659778e+03
4.533891e+04
-3.653944e+03
1.143224e+04
2.795952e+04
2.234032e+04
-3.528995e+04
-1.109275e+04
-2.168359e+03
5.306375e+04
3.324974e+04
9.002456e+03
1.830095e+01
4.918152e+04
-5.151501e+04
-3.041776e+04
5.570872e+04
4.058573e+04
-7.458438e+04
1.020683e+05
2.677869e+04
2.471058e+04
-4.109334e+04
-1.112137e+05
4.027984e+04
8.991070e+04
8.488152e+04
-1.738650e+03
-7.629483e+04
2.421994e+04
-3.174055e+04
9.107679e+03
2.662444e+04
6.762475e+04
6.599769e+04
-2.856482e+04
-4.588383e+04
-5.350996e+04
1.400968e+04
7.845280e+04
1.063288e+05
1.947557e+03
-9.601306e+04
-3.574008e+04
1.242523e+04
8.169851e+04
-5.270333e+03
5.292932e+04
-1.435071e+03
-1.142187e+04
-3.744679e+04
5.339900e+04
7.055111e+04
-8.376259e+04
7.804888e+04
-4.791160e+04
-4.368300e+04
4.792771e+04
1.665954e+04
1.864913e+05
-1.588984e+04
-2.573462e+05
-3.965747e+03
2.397977e+05
8.937372e+04
-1.253604e+05
-1.033750e+05
5.647850e+04
8.814520e+04
3.214231e+04
-3.482873e+04
-2.079216e+04
4.161908e+04
1.469334e+04
-2.138518e+04
1.623083e+04
7.170603e+03
1.242963e+04
3.213813e+04
2.178636e+04
1.707873e+04
2.031346e+04
-1.063503e+04
-3.052693e+04
7.451133e+03
-9.510657e+03
3.615730e+04
4.429265e+04
1.742701e+04
2.244960e+04
-1.835509e+04
2.162976e+04
4.412720e+03
-1.755338e+04
-2.139894e+04
2.210894e+03
4.142274e+04
5.555232e+04
4.084215e+04
-2.553431e+03
-2.567579e+04
-1.273064e+03
9.634275e+03
-2.516476e+04
5.772703e+03
3.635515e+04
5.733612e+04
2.507645e+04
-1.725886e+04
-8.966309e+03
-2.955020e+04
-6.386183e+03
2.621930e+04
5.223293e+04
6.181661e+04
3.585133e+04
-2.302709e+04
-4.231637e+04
-3.339452e+04
1.844727e+03
-6.353069e+03
6.076555e+04
8.381150e+04
1.969996e+04
-4.109855e+04
-3.058994e+04
-2.743800e+02
1.387918e+04
3.783230e+04
3.859688e+04
9.673342e+03
1.581345e+04
-2.865977e+04
-3.118591e+04
7.379219e+03
5.997351e+04
3.663230e+04
1.420598e+04
-1.176858e+04
-3.281210e+03
-2.067921e+04
3.018284e+04
2.042935e+04
-5.131304e+03
5.538530e+03
2.777134e+04
1.863048e+04
1.935860e+04
1.276873e+03
-3.515767e+04
-7.120573e+03
4.441729e+04
4.656977e+04
5.539964e+04
-3.842252e+04
-6.712996e+04
-2.093081e+04
6.052158e+04
8.546054e+04
3.417876e+04
-4.793224e+04
-4.793447e+04
-3.276151e+03
4.857989e+04
5.058752e+04
4.696113e+04
-2.037768e+03
-5.569083e+04
-4.306216e+04
2.679471e+04
5.298787e+04
4.122661e+04
9.069627e+03
-2.061828e+04
-2.943395e+04
1.576576e+04
6.627782e+04
2.883302e+04
-2.055802e+04
-2.717071e+04
-1.360733e+04
2.851091e+04
9.896904e+04
5.150347e+04
-1.277699e+05
-1.218166e+05
8.696613e+04
1.815141e+05
1.831399e+04
-1.258506e+05
-3.405087e+04
1.027583e+05
6.126702e+04
-6.138373e+04
-6.455653e+04
3.226582e+04
6.714357e+04
3.083468e+04
-1.772133e+04
-3.523681e+03
-1.072269e+04
2.567222e+04
2.998947e+04
1.799173e+03
-1.047266e+04
9.638206e+03
1.150460e+04
2.455146e+04
8.298115e+03
-1.648131e+04
-1.577489e+03
1.729651e+04
2.389860e+04
1.598281e+04
2.876086e+04
8.917339e+03
-1.995050e+04
-2.170279e+04
-4.567739e+03
2.043169e+04
3.911585e+04
3.877949e+04
-7.063921e+03
-1.943669e+04
-7.969368e+03
2.284343e+04
2.374187e+03
7.561473e+03
2.811464e+04
3.219830e+04
1.376415e+04
-6.431740e+03
-3.196791e+04
-3.128710e+03
1.846282e+04
2.591504e+04
1.133438e+04
5.036340e+03
-1.488701e+04
4.269818e+03
3.655192e+04
3.253397e+04
2.378547e+04
-1.789635e+02
-4.024806e+04
-3.026535e+04
1.168814e+04
4.616355e+04
2.167383e+04
1.757583e+04
1.365531e+04
4.347763e+03
-2.179889e+04
-9.528948e+03
3.599637e+04
2.756942e+04
-6.045141e+03
-3.870165e+04
-1.623871e+04
5.486153e+04
6.544545e+04
3.224460e+04
-4.101248e+04
-3.930244e+04
-2.189610e+04
1.834390e+04
4.356845e+04
4.293102e+04
4.021614e+03
1.388095e+03
-1.873517e+04
-2.521832e+04
2.476279e+04
2.938936e+04
1.511596e+03
6.036372e+03
7.636052e+03
1.221148e+04
3.018107e+04
2.100908e+04
-8.370985e+03
-3.792207e+04
-5.212508e+04
1.371632e+04
9.355794e+04
6.432997e+04
-5.039101e+04
-3.871932e+04
2.711909e+04
4.460898e+04
-1.173186e+04
-4.718302e+04
9.431952e+03
4.569599e+04
4.552658e+04
2.307570e+04
-2.278824e+04
-4.081262e+04
-2.538421e+04
2.373119e+04
4.266860e+04
3.426658e+04
4.395321e+03
-2.233987e+03
-6.442356e+03
-1.280855e+04
-4.223415e+03
1.590184e+04
2.540295e+04
3.120890e+04
7.531655e+03
-9.229737e+03
-2.867131e+04
-4.792308e+03
1.456203e+04
3.023517e+04
2.080827e+04
1.074471e+04
-1.819667e+03
-1.352466e+04
-7.515662e+03
4.869384e+03
1.632550e+04
2.966564e+04
2.089783e+04
-3.117739e+03
-1.189445e+04
-6.146998e+03
3.953913e+03
1.165393e+04
1.404430e+04
1.492404e+04
1.602568e+04
1.474877e+04
-1.387580e+04
-1.909225e+04
-7.591878e+03
1.311565e+04
1.942959e+04
1.947066e+04
1.417308e+04
8.630031e+03
-4.522988e+03
1.136572e+04
1.149932e+04
-6.368390e+03
-2.821214e+03
-1.170731e+03
1.577090e+03
1.094797e+04
1.858508e+04
1.363113e+04
-9.995535e+02
1.020524e+03
1.469397e+04
1.092908e+04
6.261528e+02
-1.481471e+04
-1.129427e+04
1.538955e+04
3.529100e+04
3.311725e+04
-5.395274e+03
-3.302558e+04
-2.996797e+04
6.381879e+03
4.503785e+04
3.968935e+04
8.784493e+03
-1.170749e+04
-1.996222e+04
-9.542946e+02
1.053147e+04
1.977269e+04
1.280980e+04
-8.648841e+03
-2.250238e+04
1.433595e+04
3.800540e+04
2.158519e+04
-7.109127e+03
-2.048046e+04
-5.696296e+03
4.197102e+03
1.591448e+04
2.736015e+04
-6.707262e+02
-1.973366e+04
-1.753068e+04
1.086475e+04
4.128348e+04
4.548056e+04
1.411403e+04
-2.413122e+04
-5.059121e+04
-7.708176e+03
2.890333e+04
3.394689e+04
-2.935643e+03
-2.700165e+04
-1.580917e+03
4.268169e+04
4.720715e+04
8.617546e+03
-4.227824e+04
-4.705994e+04
-1.610865e+03
6.462611e+04
5.255534e+04
-3.158234e+04
-5.954287e+04
1.869854e+04
6.011567e+04
1.950656e+04
-4.092038e+04
-2.250469e+04
3.119209e+04
4.579602e+04
2.101411e+03
-3.563881e+04
-1.506250e+04
3.584159e+04
3.838944e+04
8.922139e+03
-2.945669e+04
-2.474690e+04
-5.234852e+03
1.840529e+04
1.560616e+04
2.984047e+04
1.876897e+04
-9.435810e+02
-9.452842e+03
-1.928679e+04
-1.574594e+04
7.917732e+03
2.294214e+04
2.596514e+04
1.518798e+04
7.546087e+03
-8.751868e+03
-9.078408e+03
2.027006e+03
4.259650e+03
1.007065e+03
8.517981e+03
1.100281e+04
3.536076e+03
3.545404e+03
1.332620e+04
-8.423731e+01
9.461478e+02
-9.178962e+03
-1.434934e+04
-3.459483e+03
2.963318e+04
4.136174e+04
2.090878e+04
-7.122423e+03
-2.500829e+04
-2.884674e+04
-2.933508e+03
1.551624e+04
2.562412e+04
1.947233e+04
7.148486e+03
-3.009153e+03
7.624930e+01
2.147178e+02
2.070114e+03
5.872115e+03
8.574436e+03
3.839095e+03
3.046374e+03
9.170891e+03
1.662941e+04
5.994621e+03
-2.069904e+04
-3.365830e+04
4.502172e+03
4.609343e+04
4.768759e+04
1.502752e+04
-2.088400e+04
-4.555918e+04
-2.147842e+04
1.575848e+04
4.109299e+04
2.816922e+04
1.355838e+04
-1.230653e+04
-2.333696e+04
-1.238139e+04
1.098004e+04
2.103049e+04
2.294505e+04
1.419288e+04
-4.178344e+03
-1.605007e+04
-8.973759e+03
-9.368578e+02
1.961477e+03
1.371429e+04
3.442808e+04
3.058067e+04
7.001653e+03
-2.275940e+04
-3.455723e+04
-7.319490e+03
2.791669e+04
3.105840e+04
1.180850e+04
-1.553079e+04
-9.291842e+03
9.211754e+03
1.730192e+04
4.895100e+03
-5.786845e+02
1.052752e+03
1.045463e+04
1.096509e+04
6.133577e+03
-6.574162e+03
-1.572348e+03
1.183180e+04
8.609755e+03
-7.992452e+03
-1.177601e+04
4.503373e+03
1.904891e+04
2.195517e+04
1.462630e+04
4.327334e+03
-9.027246e+03
-8.697471e+03
-2.422531e+03
7.917678e+02
5.713487e+03
8.804699e+03
1.640628e+04
1.171162e+04
9.277026e+03
-2.532929e+03
-1.102297e+04
-4.759663e+03
7.297067e+03
8.101416e+03
1.398586e+04
1.381555e+04
2.151085e+03
-1.018639e+04
-8.130920e+03
4.685806e+03
1.915131e+04
1.472077e+04
9.038893e+03
2.454859e+03
-4.116268e+03
-5.509711e+03
-4.564553e+03
7.405146e+02
1.665675e+04
2.649893e+04
1.384227e+04
-3.572001e+03
-8.540721e+03
-1.329378e+04
-2.875405e+03
1.325414e+04
2.250106e+04
1.112257e+04
-3.611099e+03
-1.982544e+03
6.492343e+03
5.843909e+03
3.803289e+03
-3.551778e+03
-6.694505e+03
-2.801800e+03
1.011888e+04
2.165833e+04
2.259038e+04
1.119236e+04
-4.167519e+03
-1.383656e+04
-8.393596e+03
9.514268e+03
1.967621e+04
1.097928e+04
-2.957088e+03
-8.653688e+03
-4.621761e+02
1.297023e+04
1.772380e+04
4.391668e+03
-6.337543e+03
-7.783780e+03
7.235992e+02
2.092773e+04
2.280419e+04
6.412971e+03
-5.038077e+03
-1.319129e+04
-1.364779e+03
8.828210e+03
1.318260e+04
1.244011e+04
-3.791838e+03
-9.038969e+03
1.055746e+04
2.300575e+04
1.910781e+04
4.039607e+02
-2.079462e+04
-2.642868e+04
-4.149915e+02
2.946926e+04
3.893652e+04
1.664568e+04
-1.500357e+04
-1.917361e+04
4.190789e+03
1.716053e+04
5.327400e+03
-3.529045e+03
1.594430e+03
4.042603e+03
1.596487e+04
1.695002e+04
-1.568218e+03
-1.953006e+04
-4.591872e+03
3.228383e+04
3.974580e+04
7.999758e+03
-2.480853e+04
-1.544829e+04
2.101807e+04
2.170160e+04
-1.043898e+04
-1.980348e+04
3.079701e+03
2.289048e+04
2.466353e+04
9.881102e+03
2.797172e+03
5.179591e+03
7.235212e+03
-3.666883e+03
-1.147503e+04
1.549290e+03
1.716546e+04
1.732801e+04
9.478995e+03
5.389818e+03
2.142287e+03
-4.177834e+03
1.934789e+03
9.967440e+03
1.139529e+04
8.514001e+03
5.088214e+03
6.997882e+02
-1.600757e+03
-2.260671e+02
7.682367e+03
1.171251e+04
1.464965e+04
1.288193e+04
-2.561212e+02
-6.715179e+02
6.849226e+03
3.994076e+03
-1.967358e+03
3.526528e+03
1.235212e+04
2.122087e+04
1.323086e+04
-6.203793e+03
-1.038776e+04
-5.390803e+03
1.051668e+04
2.856869e+04
3.082557e+04
1.568329e+04
-5.270738e+03
-1.884206e+04
-1.822122e+04
-3.400877e+03
1.892289e+04
3.237858e+04
2.762216e+04
4.618377e+03
-1.428891e+04
-1.584514e+04
3.242604e+03
2.069763e+04
1.760274e+04
7.994996e+03
-2.578872e+03
-3.047054e+03
9.748649e+03
1.648659e+04
9.604517e+03
1.156033e+03
4.128737e+03
4.503967e+03
2.494427e+02
2.528612e+03
1.140542e+04
1.423484e+04
1.573583e+04
1.283592e+04
6.053509e+03
1.450436e+03
-6.343445e+03
-5.565140e+03
7.058033e+03
1.469186e+04
1.501760e+04
1.139118e+04
8.348294e+03
6.707741e+03
2.753902e+03
6.917391e+03
9.594709e+03
7.314937e+03
5.323025e+03
1.672905e+03
7.543481e+03
1.272087e+04
1.396705e+04
9.460080e+03
5.495047e+03
1.061067e+04
1.570047e+04
7.217132e+03
-5.605264e+03
-9.374470e+03
9.723223e+02
1.510968e+04
2.139559e+04
1.631288e+04
1.218365e+04
9.694734e+03
2.383658e+03
-1.374156e+03
2.156340e+03
1.154745e+04
1.933767e+04
2.088409e+04
1.508071e+04
1.493547e+03
-5.816522e+03
1.427592e+03
1.142989e+04
1.261579e+04
1.465247e+04
1.387589e+04
9.838289e+03
1.219017e+04
9.592123e+03
6.879478e+03
8.543385e+03
1.037038e+04
5.191962e+03
2.453152e+04
5.751288e+04
6.834684e+04
6.630764e+04
5.726493e+04
4.062694e+04
2.254337e+04
1.349055e+03
-4.380235e+03
1.620589e+03
1.440322e+04
1.605271e+04
1.750486e+04
1.237893e+04
8.196258e+03
4.770246e+03
6.134581e+03
7.512337e+03
6.306745e+03
2.340859e+03
6.772518e+03
1.056543e+04
1.593099e+04
1.468788e+04
8.097929e+03
-1.013236e+03
-7.274542e+03
-1.026245e+01
2.007358e+04
2.935846e+04
2.430779e+04
1.220169e+04
1.271418e+02
6.369648e+03
3.558226e+04
5.798733e+04
7.202647e+04
7.004970e+04
5.326766e+04
3.974909e+04
3.146962e+04
2.145674e+04
1.204550e+04
-1.442614e+03
-3.050300e+03
2.956017e+03
1.882577e+04
2.697960e+04
1.980974e+04
2.366231e+03
-3.441285e+03
-2.991749e+03
3.251428e+03
1.426372e+04
2.173658e+04
1.303720e+04
5.688013e+03
7.722998e+02
1.070263e+04
1.553835e+04
8.723753e+03
3.643552e+02
2.772189e+03
5.250851e+03
1.627592e+04
1.909087e+04
1.116481e+04
-1.634023e+03
-3.754212e+03
4.322581e+03
1.800196e+04
1.960639e+04
1.441010e+04
1.189263e+03
1.250847e+03
6.938924e+03
1.375802e+04
7.119004e+03
-5.965870e+02
5.260414e+03
2.160849e+04
3.052756e+04
2.060779e+04
-3.423749e+03
-1.083707e+04
-4.817386e+03
1.658090e+04
3.331123e+04
2.345757e+04
-2.801737e+02
-4.513551e+03
4.717087e+03
1.151288e+04
4.174471e+03
1.655059e+03
1.575851e+04
3.207936e+04
2.304659e+04
3.438966e+03
-1.239366e+04
-8.285108e+03
4.540124e+03
1.412338e+04
1.474624e+04
1.629263e+04
1.348187e+04
1.484432e+04
5.791243e+03
1.952516e+03
4.433670e+03
1.192165e+04
1.168803e+04
1.086624e+04
3.566191e+03
5.410279e+03
9.122670e+03
1.249240e+04
1.239688e+04
1.788960e+04
3.664360e+04
6.590070e+04
8.033911e+04
8.280178e+04
7.281386e+04
6.245958e+04
4.557809e+04
3.371509e+04
1.902644e+04
1.066457e+04
1.113720e+03
4.955455e+03
1.737206e+04
2.387189e+04
1.514027e+04
4.897350e+03
-2.091450e+03
3.901275e+03
1.104457e+04
1.493176e+04
1.408372e+04
1.364566e+04
3.120634e+03
1.542234e+02
5.387364e+03
1.442093e+04
1.735991e+04
1.975477e+04
1.303148e+04
7.544024e+03
-1.960914e+03
-3.800109e+03
6.403825e+02
9.493070e+03
1.301301e+04
1.976794e+04
1.769518e+04
1.653707e+04
1.186463e+04
7.230118e+03
2.018565e+03
8.032669e+03
7.113906e+03
1.076065e+04
8.816074e+03
1.010643e+04
1.000277e+04
1.251426e+04
9.990211e+03
7.147520e+03
5.054015e+03
1.040392e+04
1.388498e+04
1.639957e+04
1.111667e+04
9.084726e+03
3.293764e+03
5.496725e+03
2.467301e+04
5.718246e+04
7.585572e+04
8.488486e+04
6.968467e+04
4.779706e+04
3.036397e+04
2.615093e+04
1.759872e+04
9.430394e+03
-1.111993e+03
1.518507e+03
9.439127e+03
2.212815e+04
1.920120e+04
1.508963e+04
8.794106e+03
7.842903e+03
3.696943e+03
3.175553e+03
1.186778e+03
1.021252e+04
1.586518e+04
1.948064e+04
1.187742e+04
7.166065e+03
1.507368e+03
5.667776e+03
6.699855e+03
7.081928e+03
6.762824e+03
1.423578e+04
1.474783e+04
1.718504e+04
1.146602e+04
8.124883e+03
2.791051e+03
1.486293e+03
-1.709253e+03
7.643071e+03
1.173962e+04
1.939865e+04
1.640097e+04
1.448627e+04
4.722601e+03
1.972855e+03
-6.999763e+02
9.633711e+03
1.486754e+04
1.705536e+04
1.050512e+04
4.559118e+03
1.319066e+02
6.503854e+03
7.158807e+03
1.292495e+04
1.024384e+04
1.004384e+04
8.676610e+03
1.171139e+04
7.193310e+03
8.043016e+03
3.461728e+03
6.221752e+03
6.910970e+03
1.202547e+04
1.253252e+04
1.487605e+04
7.955452e+03
6.375703e+03
4.498588e+03
9.349009e+03
9.072249e+03
1.352895e+04
5.375644e+03
3.944032e+03
-4.729715e+02
7.306844e+03
1.180977e+04
1.709416e+04
1.302157e+04
1.132090e+04
6.568499e+03
9.547916e+03
6.599809e+03
6.135257e+03
-8.256872e+02
6.307232e+02
2.277849e+03
1.860006e+04
2.182636e+04
1.865420e+04
5.929574e+03
1.888878e+03
-4.359048e+03
3.324868e+03
9.823759e+03
1.981484e+04
1.628208e+04
1.063753e+04
4.724264e+03
7.870247e+03
3.050970e+03
6.100551e+03
1.612569e+03
8.048973e+03
1.371803e+04
1.977212e+04
1.415680e+04
1.027243e+04
-1.625361e+03
4.346177e+02
7.578126e+03
1.891008e+04
1.403349e+04
5.582951e+03
-5.328542e+03
1.397342e+03
5.976479e+03
1.783956e+04
1.777348e+04
1.388034e+04
2.094117e+02
2.061621e+03
2.823434e+03
1.047529e+04
5.325785e+03
5.312544e+03
7.198191e+03
1.714989e+04
1.315419e+04
9.449905e+03
-1.931065e+03
5.657928e+02
5.366843e+03
1.557188e+04
9.385348e+03
2.999909e+03
-5.524134e+03
7.695912e+03
1.246129e+04
1.161191e+04
2.969000e+03
6.937989e+03
7.111146e+03
9.716596e+03
2.033034e+03
4.773237e+03
5.054816e+03
1.405877e+04
1.250784e+04
9.809704e+03
-3.437147e+03
-1.708025e+03
-8.138729e+02
8.848112e+03
1.179196e+04
1.924239e+04
1.340263e+04
1.156135e+04
-6.408645e+02
-1.556689e+03
-1.581578e+03
9.875689e+03
1.221218e+04
1.665569e+04
6.641693e+03
4.313122e+03
-1.435278e+03
6.509875e+03
7.271077e+03
9.715616e+03
3.332132e+03
6.555732e+03
3.648179e+03
1.117911e+04
1.031720e+04
1.177520e+04
3.391088e+03
5.193326e+03
-8.217468e+02
5.306386e+03
4.008430e+03
1.023147e+04
8.089764e+03
1.253387e+04
7.712361e+03
1.035694e+04
2.208499e+03
3.401227e+03
-1.934451e+03
3.298457e+03
3.875274e+03
1.392262e+04
1.224321e+04
1.571351e+04
7.751083e+03
5.982928e+03
-1.476404e+03
1.816826e+03
-1.964924e+03
6.018616e+03
7.309192e+03
1.337309e+04
7.430027e+03
8.643388e+03
2.055185e+03
4.768264e+03
2.316677e+03
1.217188e+04
1.038858e+04
1.374488e+04
5.224420e+03
4.780789e+03
-2.625719e+03
3.331727e+03
1.918778e+03
7.152560e+03
4.334783e+03
1.080278e+04
6.719357e+03
1.168250e+04
5.819904e+03
8.182695e+03
1.237921e+03
3.048196e+03
-1.427731e+03
6.578731e+03
6.158764e+03
1.451527e+04
7.618788e+03
7.015953e+03
-1.462269e+03
4.629849e+03
4.250464e+03
1.333439e+04
1.085572e+04
1.370860e+04
5.257229e+03
6.446443e+03
-1.574162e+03
3.066866e+03
8.935298e+02
1.270099e+04
9.317904e+03
1.054781e+04
1.983643e+03
4.781383e+03
-1.590336e+03
5.206554e+03
2.776519e+03
1.066679e+04
7.184973e+03
9.401137e+03
-2.848406e+02
4.298332e+03
6.729353e+02
7.095297e+03
3.823748e+03
1.144703e+04
7.358442e+03
1.124479e+04
1.149104e+03
9.777095e+02
-9.738915e+03
-4.745786e+03
-5.301150e+03
6.982356e+03
9.005927e+03
1.709071e+04
9.005998e+03
7.518518e+03
-3.629707e+03
1.797449e+03
-2.698612e+02
7.060942e+03
2.541686e+03
9.272563e+03
2.843412e+03
7.822214e+03
2.550636e+03
7.326998e+03
7.884955e+02
6.015172e+03
-6.911601e+02
9.499088e+03
7.324890e+03
1.081570e+04
-3.421816e+01
7.431778e+02
-4.032379e+03
8.507441e+03
8.202130e+03
1.376693e+04
1.548298e+03
2.210955e+03
-5.013981e+03
3.466293e+03
1.616217e+03
1.185539e+04
5.295221e+03
7.809653e+03
1.077757e+03
6.586416e+03
-7.651747e+02
5.944277e+03
-5.227924e+02
7.068640e+03
4.983164e+03
1.149498e+04
3.651622e+03
7.752414e+03
-2.557610e+03
1.028870e+03
-4.739841e+03
6.190627e+03
3.674742e+03
9.775961e+03
-7.760032e+01
4.544350e+03
-5.358570e+02
1.099677e+04
7.539989e+03
1.118667e+04
-1.111852e+03
1.598834e+03
-4.880343e+03
9.427608e+03
7.297079e+03
1.120520e+04
-3.421462e+03
-1.285358e+03
-4.819059e+03
7.223126e+03
1.504715e+03
1.027564e+04
6.016055e+03
1.310138e+04
5.935519e+03
8.293940e+03
-7.098624e+03
-4.168543e+03
-8.770722e+03
5.843603e+03
7.279166e+03
1.675086e+04
4.492471e+03
5.687302e+03
-4.900639e+03
5.141886e+03
-8.910011e+02
5.584797e+03
-1.914524e+03
6.513207e+03
8.676351e+02
1.137246e+04
2.234354e+03
7.998202e+03
-2.817300e+02
8.636368e+03
8.468556e+02
5.968575e+03
-6.480063e+03
1.342326e+03
-3.179862e+02
1.359065e+04
5.703840e+03
7.929803e+03
-6.321229e+03
1.812068e+03
-3.336504e+03
8.477358e+03
3.773342e+03
1.363621e+04
4.578773e+03
8.721550e+03
-4.964526e+03
1.989148e+03
-3.945935e+03
8.287587e+03
7.894375e+02
8.131364e+03
-2.260082e+02
9.149956e+03
1.086244e+02
8.513739e+03
-1.450612e+03
4.659591e+03
-3.975079e+03
9.855174e+03
3.501153e+03
1.098731e+04
-2.465279e+03
3.495902e+03
-5.863427e+03
3.857295e+03
-3.069419e+03
1.010890e+04
3.850003e+03
1.285353e+04
1.678689e+03
9.368297e+03
-2.969124e+03
5.002315e+03
-4.507012e+03
5.961949e+03
-2.078173e+03
8.527643e+03
-1.532521e+03
7.006444e+03
-2.710734e+03
9.725726e+03
9.185497e+02
1.019719e+04
-2.166187e+03
5.729488e+03
-4.517584e+03
6.668121e+03
-2.907021e+03
7.623749e+03
-2.591628e+03
1.102550e+04
3.278312e+03
1.378384e+04
2.480017e+02
6.133243e+03
-8.396782e+03
7.984471e+02
-6.416603e+03
8.744879e+03
1.251357e+03
1.552676e+04
3.841253e+03
9.961970e+03
-6.221165e+03
2.769130e+03
-7.441785e+03
7.399686e+03
1.730110e+02
1.385733e+04
1.175888e+03
1.017150e+04
-4.262017e+03
3.996655e+03
-8.418703e+03
5.916725e+03
-2.978322e+03
1.139886e+04
2.302653e+03
1.429770e+04
-1.112153e+02
1.060329e+04
-4.351854e+03
6.213323e+03
-5.125333e+03
9.042011e+03
-2.581985e+03
9.283647e+03
-4.439618e+03
8.034111e+03
-4.751226e+03
8.614728e+03
-2.689700e+03
1.163500e+04
-8.141565e+02
1.205746e+04
-4.065569e+03
7.853503e+03
-5.522365e+03
9.229532e+03
-2.791121e+03
1.254543e+04
-9.513505e+02
1.194361e+04
-4.522535e+03
7.454494e+03
-7.720143e+03
8.883980e+03
-1.683218e+03
1.387051e+04
-2.470881e+03
9.468180e+03
-6.337999e+03
8.209308e+03
-6.785694e+03
9.481760e+03
-3.167972e+03
1.596503e+04
2.457835e+03
1.557745e+04
-5.054414e+03
4.928105e+03
-1.217460e+04
6.902692e+03
-5.310047e+03
1.380592e+04
-2.077748e+03
1.347617e+04
-2.644486e+03
1.502305e+04
-1.680986e+03
1.413145e+04
-5.808088e+03
8.416978e+03
-1.026260e+04
8.135573e+03
-5.542276e+03
1.562446e+04
-1.663377e+03
1.514855e+04
-5.558828e+03
9.101788e+03
-9.327988e+03
1.138177e+04
-5.324796e+03
1.565613e+04
-2.630652e+03
1.759413e+04
-2.837116e+03
1.267665e+04
-1.112055e+04
7.059795e+03
-1.061782e+04
1.573567e+04
-1.624449e+02
1.988707e+04
-4.897340e+03
1.073707e+04
-1.276163e+04
1.168852e+04
-6.231127e+03
1.795442e+04
-4.524296e+03
1.466769e+04
-8.629455e+03
1.429897e+04
-7.439901e+03
1.765944e+04
-6.427880e+03
1.502490e+04
-9.857876e+03
1.471219e+04
-8.552363e+03
1.637505e+04
-8.682338e+03
1.671764e+04
-7.744317e+03
1.861088e+04
-6.760505e+03
1.774124e+04
-1.080615e+04
1.689007e+04
-8.353298e+03
2.046510e+04
-6.778466e+03
1.694100e+04
-1.708998e+04
1.090358e+04
-1.329028e+04
2.305623e+04
-3.464967e+03
2.488704e+04
-9.980798e+03
1.878015e+04
-1.269279e+04
1.881652e+04
-1.463313e+04
1.882895e+04
-1.135750e+04
2.430030e+04
-9.033883e+03
2.315766e+04
-1.544454e+04
1.861623e+04
-1.450901e+04
2.447525e+04
-1.318145e+04
2.247145e+04
-1.607093e+04
2.496826e+04
-1.184997e+04
2.768538e+04
-1.636873e+04
2.213158e+04
-1.768474e+04
2.772396e+04
-1.559815e+04
2.722313e+04
-1.964338e+04
2.459613e+04
-1.951537e+04
3.077716e+04
-1.620241e+04
3.249717e+04
-1.826277e+04
3.058276e+04
-2.324089e+04
2.635036e+04
-2.480118e+04
